SCORE -> <SET_PARAMETERS>***\n<SET_TEMPO>\n<MEASURE>

SET_PARAMETERS -> <SET_VOICES @set_voices>

SET_VOICES -> 1|2|3|4|5|6

SET_TEMPO -> t 0 <TEMPO @tempo>

TEMPO -> 20|21|22|23|24|25|26|27|28|29|30|31|32|33|34|35|36|37|38|39|40|41|42|43|44|45|46|47|48|49|50|51|52|53|54|55|56|57|58|59|60|61|62|63|64|65|66|67|68|69|70|71|72|73|74|75|76|77|78|79|80|81|82|83|84|85|86|87|88|89|90|91|92|93|94|95|96|97|98|99|100|101|102|103|104|105|106|107|108|109|110|111|112|113|114|115|116|117|118|119|120|121|122|123|124|125|126|127|128|129|130

MEASURE -> <NOTE>\n<NOTE>\n<NOTE>\n<NOTE>\n<NOTE>\n<NOTE>\n<NOTE>\n<NOTE>

NOTE -> i <INST> [<START>*60/<@tempo>]^+0.125 [<DUR>*60/<@tempo>] [<AMP>/<@set_voices>] <FREQ>

INST -> 1|2
START -> 0.0|0.03125|0.0625|0.09375|0.125|0.15625|0.1875|0.21875|0.25|0.28125|0.3125|0.34375|0.375|0.40625|0.4375|0.46875|0.5|0.53125|0.5625|0.59375|0.625|0.65625|0.6875|0.71875|0.75|0.78125|0.8125|0.84375|0.875|0.90625|0.9375|0.96875
DUR -> 0.0|0.03125|0.0625|0.09375|0.125|0.15625|0.1875|0.21875|0.25|0.28125|0.3125|0.34375|0.375|0.40625|0.4375|0.46875|0.5|0.53125|0.5625|0.59375|0.625|0.65625|0.6875|0.71875|0.75|0.78125|0.8125|0.84375|0.875|0.90625|0.9375|0.96875
AMP -> 0.05|0.1|0.15|0.2|0.25|0.3|0.35|0.4|0.45|0.5|0.55|0.6|0.65|0.7|0.75|0.8|0.85|0.9|0.95
FREQ -> 8.01|8.02|8.03|8.04|8.05|8.06|8.07|8.08|8.09|8.10|8.11
